0
-1
-3
-2
17
55
112
173
222
246
246
222
176
114
38
-39
-115
-177
-223
-247
-247
-223
-177
-115
-39
38
114
176
222
246
246
222
176
114
38
-39
-115
-177
-223
-247
-247
-223
-177
-115
-39
38
114
176
222
246
246
222
176
114
38
-39
-115
-177
-223
-247
-247
-223
-177
-115
-39
38
114
176
222
246
246
222
176
114
38
-39
-115
-177
-223
-247
-247
-223
-177
-115
-39
38
114
176
222
246
246
222
176
114
38
-39
-115
-177
-223
-247
-247
-223
-177
-115
-39
38
114
176
222
246
246
222
176
114
38
-39
-115
-177
-223
-247
-247
-223
-177
-115
-39
38
114
176
222
246
246
222
176
114
38
-39
-115
-177
-223
-247
-247
-223
-177
-115
-39
38
114
176
222
246
246
222
176
114
38
-39
-115
-177
-223
-247
-247
-223
-177
-115
-39
38
114
176
222
246
246
222
176
114
38
-39
-115
-177
-223
-247
-247
-223
-177
-115
-39
38
114
176
222
246
246
222
176
114
38
-39
-115
-177
-223
-247
-247
