0
-1
-3
-2
16
55
111
172
220
243
243
218
172
110
35
-42
-118
-180
-226
-250
-250
-224
-178
-116
-40
37
112
174
220
243
243
218
172
110
35
-42
-118
-180
-226
-250
-250
-224
-178
-116
-40
37
112
174
220
244
244
219
173
111
36
-41
-117
-180
-226
-250
-250
-224
-178
-116
-40
37
112
174
220
244
244
219
173
110
35
-42
-118
-180
-226
-250
-250
-224
-178
-116
-40
37
112
174
220
243
243
218
172
110
35
-41
-117
-178
-224
-249
-249
-225
-179
-118
-42
36
111
173
219
242
242
218
172
110
35
-42
-118
-180
-226
-251
-251
-226
-180
-117
-41
36
111
173
219
244
244
220
174
111
36
-41
-117
-178
-224
-249
-249
-225
-179
-117
-41
37
112
174
220
243
243
218
172
111
36
-41
-117
-180
-226
-251
-251
-225
-179
-116
-40
36
111
173
219
244
244
220
174
111
36
-42
-118
-179
-225
-249
-249
-224
-178
-116
-40
37
112
173
219
242
242
219
173
112
37
-41
-117
-179
-225
-250
-250
